Webots Project File version R2025a
perspectives: 000000ff00000000fd0000000300000000000001ca0000039ffc0200000001fb00000012005300630065006e0065005400720065006501000000000000039f000000000000000000000001000002720000037cfc0200000001fb0000001400540065007800740045006400690074006f007200000000000000037c0000004500ffffff00000003000005be000000effc0100000002fc00000000000005be0000000000fffffffa000000010100000002fb0000001a0043006f006e0073006f006c00650041006c006c0041006c006c030000000000000219000005be00000188fb0000001a0043006f006e0073006f006c00650041006c006c0041006c006c0100000000ffffffff0000000000000000fb0000000e0043006f006e0073006f006c006501000001d0000005b00000000000000000000005be0000037c00000004000000040000000100000008fc00000000
simulationViewPerspectives: 000000ff000000010000000200000190000001b80100000002010000000101
sceneTreePerspectives: 000000ff00000001000000030000001e000000c0000001ca0100000002010000000201
minimizedPerspectives: 000000ff00000000fd0000000300000000000001ca0000039ffc0200000001fb00000012005300630065006e0065005400720065006501000000000000039f000000000000000000000001000001980000022dfc0200000001fb0000001400540065007800740045006400690074006f007200000000000000022d0000004500ffffff00000003000005be000000effc0100000002fc00000000000005be0000008700fffffffa000000000100000002fb0000001a0043006f006e0073006f006c00650041006c006c0041006c006c0100000000ffffffff0000008700fffffffb0000001a0043006f006e0073006f006c00650041006c006c0041006c006c0100000000ffffffff0000000000000000fb0000000e0043006f006e0073006f006c006501000001d0000005b00000000000000000000005be0000028b00000004000000040000000100000008fc00000000
maximizedDockId: -1
centralWidgetVisible: 1
orthographicViewHeight: 1
textFiles: -1
globalOptionalRendering: LightSensorRays::LightPositions::DistanceSensorRays::CoordinateSystem::CameraFrustums
consoles: Console:All:All
renderingDevicePerspectives: main1:camera;0;1;0;0
renderingDevicePerspectives: main2:camera;0;2.46154;0.0662752;0.0219966
