Webots Project File version R2025a
perspectives: 000000ff00000000fd0000000300000000000001ca0000039ffc0200000001fb00000012005300630065006e0065005400720065006501000000000000039f00000000000000000000000100000310000002aefc0200000001fb0000001400540065007800740045006400690074006f00720000000000000002ae0000004500ffffff00000003000005be00000128fc0100000003fb0000001a0043006f006e0073006f006c00650041006c006c0041006c006c0100000000000005be0000008700fffffffb0000000e0043006f006e0073006f006c006501000001d0000005b00000000000000000fb0000001a0043006f006e0073006f006c00650041006c006c0041006c006c0100000000000005be0000000000000000000005be0000025200000004000000040000000100000008fc00000000
simulationViewPerspectives: 000000ff000000010000000200000000000005bc0100000002010000000101
sceneTreePerspectives: 000000ff00000001000000030000001e0000025a000000fa0100000002010000000201
minimizedPerspectives: 000000ff00000000fd0000000300000000000001ca0000039ffc0200000001fb00000012005300630065006e0065005400720065006501000000000000039f000000000000000000000001000002720000037cfc0200000001fb0000001400540065007800740045006400690074006f007200000000000000037c0000004500ffffff00000003000005be00000309fc0100000003fc00000000000005be0000000000fffffffa000000000100000001fb0000001a0043006f006e0073006f006c00650041006c006c0041006c006c0100000000ffffffff0000000000000000fb0000000e0043006f006e0073006f006c006501000001d0000005b00000000000000000fb0000001a0043006f006e0073006f006c00650041006c006c0041006c006c0100000000000005be0000008700ffffff000005be0000000000000004000000040000000100000008fc00000000
maximizedDockId: -1
centralWidgetVisible: 1
orthographicViewHeight: 1
textFiles: -1
consoles: Console:All:All
renderingDevicePerspectives: robot1:camera;0;3.11538;0;0
renderingDevicePerspectives: robot2:camera;0;3.07692;0.163819;0
